$ANSIBLE_VAULT;1.1;AES256
32316633656639313732616531316334383162313330613734343638366462306338656464623536
6333613636623237646164333731623665353339656435340a613832363036353031303931326536
31613562353664666139353237323762336162376330336438646436346463656239643163616362
6630303433646361630a306364376263616232666430633462363064666564623665383436306632
30653361653233303435363739663266386235323439666164323665613234306532613538396236
64313365323662356436313866363231376534363633653235313138636335316631653231613233
36626338333934386261666332613032653164633133383538343031343765303835313035613835
32333435646534366530393332646338646262396230613333363466616232356634323163623064
65363461663835386363326538653865376634353562616163306132613065636165343937396437
61636664343531333430373039643530363065313164373831643764383463313363393730346566
66336365616461356263373266373138633338376338646238316266386163626533363730636432
66333462396239396161363061373633323830326335323334343066663730633762373739326236
65313564363739353238396336333166383161643230653930666366356561316436643434646562
30623230323864633562636537396563336165396366646634323863626630393237393636336563
33326634353931666234393633353237613164323265636639383166633133356234313531643561
62633663346565383065393332353034393366383964623635336337323233383364393636366133
30633231653230653034346233633536633866303735363632336232663231666132
