$ANSIBLE_VAULT;1.1;AES256
37393761313163336534373463636439373034363538646530326436356635306666663566366330
3861653364303964343234323632326464356639363331360a616564333261373266336465653365
66316530626638636133366464376161336165323733656362653765373863373833656430653731
6466353362663937340a303437633262633564623134373130353835386439616331383534623861
32306539396135373465313735353764613464343337323134646365646561363131393637653965
39373765346262373566343262366663323832386235626535653734316138666166353639663632
37383864616362663734363537356665643366323034363232613766333136356434393134383236
63613564373031316535313930643461333066303835383734306531346661646437643830643163
33323162643139346561313130613736666134333638316363383130363766653963303439633664
62663334353730633730336237383338663239326332626532323961383032613264616139623235
38323966373763643264376135366333376462316134626464613661613436366238306163616330
61646363376631376433303433653831613937393530353061306432643562343763346137616439
62646632393034333663316165653766303037663738306437323662356537643432333637646362
64613937313633616334396365633830383462313166343430616637613738643232623565313331
31353563386263313636656432626334663333356163373334633836626630663932623761316336
30363136323430613962
