$ANSIBLE_VAULT;1.1;AES256
61653231363766383035323036393764626138383461643338336133653161336333363965306334
3064356636383933646137376166376464393939663931640a353138623038623438623262663234
31666631303139366137643830373737373066643634333037666534643961383536633939663532
6261343364316638320a616365623663366534616332633034353761653937336661646339653832
35663032383433393630643535633063626631353762366665626461643665376533623964306533
64663535666238356639663562666434386562623932663635333465316331393839313034326130
37316666306132303632653961336536306338383433663861326234663563626561613962373063
35306339646530396462666330396365316139653534393235303065643861636134313961333139
31333565353733633639393934386439666461376634343163303132613032666663636562313037
32326164316533623065623166346261393761363236343161346164313065313462323731626236
32373733386634373364646235333133616339386134303162353338313830386166303831373334
65636438373639386562323263643636393163323762353438323434636536303966646432386634
31343439666233666562396463373764386638363165633838343162636665353031393263653633
63383631643130663762623136343264663862353365623532303932346339386236666162343639
38346464366335343361656531643265383538666364613561326665343763383832323062636633
31623866313962613463383631643731643339666232646433626432383865353733393636613265
66323261663930663764363230366235623366326638666530373738333232393332643835373232
65366239313731653535353461643233303035633762343564366666323663623062373964393334
38396465656164383361633964313139633964316166313663306433366661663465303433616262
64633137316434313331633639373638323237316566306161613735633264353364663161363935
63303931653062613332366164363231306366643034333466303933623864616261363162643861
35396432636133363736393839383637613434616331616266613938313363623234326131376338
37316565353730633962663030336433343763626139313837393331343966663833383965356433
38666437613532356638336161356538343430386233383764626231313338626436626364653263
65656466346262346531666232363663356132326661346261316565646136323333616638636264
39376230333163333639376539356565666635626339326538636363303330326435336638343234
38653937333236663536333035323662663234356539653939343263626262613162383663656165
65646535316361393634623637663561343634386530396635396539396630356361366265623539
62666338373461633665633832383365363631613766393962663963343432396435643434363962
3734353931653034626362366134653834393735323136353566
