$ANSIBLE_VAULT;1.1;AES256
39623266363963616536353734316437613033393533363234633735626162663038336666306436
3461366137303230363938643238373536396137333130640a306331663534626165323436613735
31383830306664636131303561353139373861663263663131633266663535343339396438616662
3338643834313461380a646231303064323138363233323838623464316531366531343738353539
63336330306264663837316366623633303332653936363336353436316664386563613534623332
66623363643630323864663437613439306165373961616364393836383135313234353136336362
64336531656364396162303663663766353962333763333661333432383931383933663832623963
35623233373362653264613739663032363739343366333037623264316165333237323133333131
30653434343638393561373535633530303964383134313561353634383031356166313064613762
61323133343963656665653130663736333432313834343439346537383836383035363034323561
35646630666239363235653237373662323365326433303161306334316331396362316462386437
65343661316430646666396266373034636261646630313137363831363561353133663866633733
38383365353435363830353436363135633566336435653361613530636339313563653530356338
64653064636562303330623363616537633432346662386434303336393831363064616462663432
35356639393839383431646537363662373163376534613139353136653030643464353639356164
30376535353161346237613766623962356461303033386662393835633335663566333131633866
66613332336335653666323030303737646165303765366265373535663565653837383862323166
39316165376531316639623034393735626230346639643463663336353362303866396539383537
34653630623934623238316232623037353333373137393134666436303162316432333731363131
66313538613331646432306664346562346531376438316539623936383930626666353162656265
35656539663564346337646536663534636363356431653965306630343665376266336431346462
33633038653861386431306465633930326161626432633737636232313762656237353266393262
37346537613133663061303538643539633466636465326163336165353765353138303561666631
35306566646630653965666634333661383862346137373537666538313636306530316533636130
66323634663639373433643339343235633939303435636362366637323161636135653264343866
38643662613464643439303864393461626666636536633966396366313863663266356366393865
30623163376135326230663963656264653635613963363032353039383961623938373534633438
62656162373231666139616665333562336166333636303035353533366239393035633261336235
31646532636433366638346431376531343666366662383234356634326139346635663563313435
38356462353662316135643739376639363431656530366362386539613838626637323336663663
36393430613831363031636164343763373132323933373864363639373032613333363563386465
37373965386337323666396464396332393836353931633962616265333831646639346438383865
30633365663333646339313231636339366533623064656335333531383839313931326134653166
32326166353161633939613233343962356533333530343030313333313136663665343565396234
34623439383061303865313266386136646235303262633863383339636562313461663633313564
38373334313335313264383137333766383832623466656637643037356533356364313630326638
32323464613161333065313634386363316136643637316263633135623737323664303231323362
64366561373232376130373338346165653934376333633966386338316132636439313331373033
62346561343735356634613463316664306663633663633564373561363763316430343034646165
37633136383436336563666662353766323438306635396362633834653861636663303935626430
65666561336537653233326438633965386664316334656264663136343638616437346635393864
33393632613563636138663633636437653562303038306233633761316163376165633337316631
33626164643936376263663134393563386663653132343033393761303637353838616239633561
35343039636161383934313565306664613337613331356338613239626663343364626431373631
64376237616631366563333237663064353134663363313261376131316135356639666236643338
38616336373336316464643063613265326532333766623130393538663231363839633765336137
30373261366132336534383731646161356130326135343936336534326264633965353637353631
33623638623230376336656463663235623564666638663964356565663666383465366262653139
32353165333964303539393463313764393065353234343431366564396666396461363264366565
35643837306162323139616563343662333333636262386162663162666365313261393763623161
37343336346534343139646538653137396166396232396266353439383661643432643832663139
66643134333937303666383431393135336632623739643862666361353664613337636562383936
66626632653264653139653166373737633638623539356639393633313064656232343863613664
33336330613266393866373239623861626331616437623561393736303032303562333531636665
35636232643236316262326663333963636538336539616364643966626163383239663461376538
34346136386431613636643762393637393034306134616235393139376530636131366663373936
64633234356339383632666236373935333965363166613239616634373039663932376433376335
31663562666535383361666663643761353366346266356535623665356465633061646164656266
30646638383432303762346639353866626662386464373764306133623432383931636564336133
64323839376436656266363333646635306666653238376633366437323034626465646237376263
30643531386137366538663732326136356635653636623538356538303339353230343734653863
39353738616636373537383937643339376335346437336234303064653931333266373130313131
31326337626130343237383764383963613266323931663334373336353664326262653433646163
39333166656230353733313737623165343439306266623961373463633238393761396131323938
36306438633339393334653838396233666433653339653064656639383337643366396336323631
65656563666162386161303065663832313365383435666661663632326132346235633535303139
36626535663165366464303039393733666536646566373930646534616138383331623866363535
65613132373535366639346266343166353231396236663033636661616339643332383932646639
65633736623030383463663238633931363038666433626537336161336239313862366335376230
63363236363764643038616362643663636265306338306331653732656136356532613638636266
65636430313764363534613237626264306334623065363961306336343563313933626163343932
63376631356236666437383637656364646565383832393635383133353466663634633137616135
32346531666262653764323937343634323133383437656434353063646534336538616566646436
64653633313632336134636339373537383665656435326239393965373566353735383663383434
37633066666363363765633964636133366232303839366339633661316333656263643530666561
33393533366162643334303835616237646433623630303265336338626137646462346237666136
32636239343539626132343961326439333038326133306463306263353063343032336330346132
38366461643733353666373339653831643238313562303231623433383239323938343031313039
65356265373830333231623566653762326532626231666435386462626333376263633061353731
34393736346135656366343263626333363034616533643137633562343337396363636139353831
35386431643632363835326435373763396137626566656164643961383433643535323564636166
61643434636632313838663836396535366462656362616566613034346663656136346638336131
63656131313639663332393031656335323939323637343832386161623837316365386362343334
30373732323133383334333334613832353262396531653138626464386565313535376533363565
31613132393232663635323838643236363636613366316363643730363265393539663332323761
63663637646432663732663634316638326334643632386136646364663065396466663562346236
36326464373138323230666564383132646362306331633834386539373265653634333465336337
34613531633931633066383366303237366336383632363930613564343166616163306661663831
64396131636231353230383238383530633332636562343062623730653536636533623865316534
31653234333639653431303963343032373161613366386436613962326532616163326166636339
34633434663661383565333362613537353633616133336431373331623332333164353639653439
34383335346236313334386132303836636335353263633038653736326637333265636531343866
34313661303766376337353162623332333264636637636531363736373865623364376566356535
63623663616537626537313864343333303531653564303436666663303635396436323761363838
66386564626433336536356135313837633239356636363730343462653636623432313265666335
37646662383434326233643431613065316666656131376639343363316139323762623232393361
39376636383066393930326164653931373332356162396436663738306137343333383032646234
30373435396139343165633038643230623330646431333363636564393731623061303966356631
61653639613630336435643563383539316138623561613337656139333032326130366530656437
66643434623637303733396137646439636332636637396465656565346633363431353136336232
38386235383037653764653434363931346132353162666462316337393365656139653138343632
33633231393436396139343165336362343334333036303932336335313166383030383431626662
37643663363438383631623537633234343537303736333638363130336138386531303238326433
62326334653861623233656131356330616561303534643932333066353337383138323536393732
65306237646264323731373930653834333066353435653163386138313164313738623531333331
30343635636332626165626531303832663861383236306337326561363562373265363436386566
66376337396536333131376235633765653732643565316431316138376239623432393239333261
30653439373462333835353435326230323132616163613861333333643136373432613732646537
63636230663539356630326335383235313263366439373564373938316234653236333064326338
61333362323333666161653363313366626433636436363266626236646165323562346236646132
35363264336265316533363733333637666438363434393465353763393062306538633761613562
63323133383436646161316632663438353634353536333132396334393537343061633063376430
62383866353361313234613935333930356138373439636233656139633434393262666161623439
30323630663165383739366637643261323834303035333163656136313862383266613037613832
62396237393836396133656231383237396232303033363136643639646136623965636535386466
66623932653339356638313266323630393764386635663537313161613036646337383134663966
31336539623433353538383762633665356137323439303466303236346161356466636133353833
37306534376365623431313137613833666533636536326437633366393637643562323863656338
63336365376263363561393832653232353430666663616134623739633665316565383862646430
39653130306361383263383834343430306165373365373065383731346161383637646232646564
62646630633837363135626437313364353832343532343763636464626261323462306631653833
35336230363331616666646134393662303963303533643134626231346161303939363063653630
32626337643030383961323166313763653132323263303063656361376539643766656230656466
38393539353164656165316130366134356539633161306535376261623662666433323430356533
30396234613236383439656336643632313866633733356366353062353130623539393162333266
66623962613763636234383931666239383936396238623939336464663834633130623839616163
35363431643964616134356564303864636263646263343565396238323532613365643366366537
65373536356537633639656336313263353561323132383937656130353462646137643131333463
37636562303338313261633366346664356434636330613837376336663462393865303164313435
32666162303265656337366236383838633330396633666534366366323336373763653935633839
63363864306539613165623436646561636362353861356464626331613966636135353531363361
32366331376337303430396331323536303664373166663330313132643034343832386630653235
62373730653265363637643738366231663066616438663464646638333064663566343261386165
62393134313763333538386463666532383233366633303464316536386439343334363636383464
62313838363636376362663462356531646262333964393530396233386366363836623832313164
63303463356436323431346266383436663734303734376638363637626139653837376135373364
39626230376233383565343432313731646338633331663163366637613664323730336665643633
63393739656337303930333637666434633462623763636363656135313733343463663766373834
36396332626239343234356531623630396262346132633461373463333865313534663434313639
30373661303839656632303764363835396434393131656566333366646466356234373130346564
37666637663736313762663137663064326438336162663064336232346337376330353937653936
30653031356562623565636532313832613663373832303761303236386266353935363062386232
35336331666332623636666265323962653164333330346566636539316664346635386236353636
33336636613465626334343834613237373865343864633338636161346133343730306163353630
61643965353738383838356163663331303766633931646561363163626134666639363833383530
35316133636432303536323032316135393038653134303134333734623133353034633861346135
61303135363638366266333961346162623335303537363163393333613463363863336566383634
38613061656536323265383336346437623766386263626331633061626130356530386662323461
32323939353731303231356163613466356466343961616139616466613732663638306537663764
38396237353235343166643339396161663033356636626238653636336133356663623931343035
32393962393637366466633338613063633533646332663966383936343236646666333537383531
63356633643261663239336138306166306230366566613831333332303461343339386233646135
61363338616661316463333665396331663538306431663663303063313037306661353365306330
61653863383430353834313264343161383836633665303735623264336664336162663331623436
64396137333764356437616165386338313534616161346235626466643031356433643163623736
36393039386566366539393330363265303366643865646137653238636138303132383439353830
31653962656361623139653635643864653832356566313966656665623036386231353063646135
64633433383737623432643833306536396563653739336437366431346463643761663637393636
61666430663866316462626638346237653466356131333630306531646130646166306132623332
30306430376261616130623336386336633466653031393439323230626630316463666664306530
38663338383239323463323731373838383063353964363638623435333564346662326134313237
64626561623066333834326532376236313733366365346463613164376131613836376636653933
32626232646365373763636366666362336566363731633137326333336564363332313763353636
36666466313339356565386331663836363861393531353133333965356539636137353730343963
39313361366562306639313136363135333734336435316232363133313138363537366330616330
39313236626466656363656164623632333533663337353032393066336533616339313037376662
63653633306131666630613332333034393336363163653761306132653638383866343438663731
39326436326635373137343063373932316233613733396134343232363334346336336339363733
64626338616635643838393836363835616332616332653537363964396136383465386661636666
37633561626133636263613239323063353531363962386262323038396661616565643238653737
38643265386533383833333439626236316537373730663264373961386362306532383964386331
32616561653165653565663562626362323566636263656538326238366564663032316561393430
30343930653530323831303231333234376430396664613035626438636534396234346364313938
35656138376665396438353634643137626232633939396562626361393862666561396135376132
37366330336139313262333537373063333862376132653037663533376437323635383734646335
30646465623965376437636663623635666462646637333639646333633065646630643839623930
38346537386664623438656332306136313331363432336537393031323834353338333530396261
61613861313334303330643039333337376436663765373362636534313662333761316330353732
64666164633936633761353766353738306132303538356634656439633265613036363539313035
32313463633435306537613466393233306331623936386161383863323531363261633436373638
64626265316532646236626131653565616631353164626434633763376334363062613932363766
32666637353237366635326234363665646536646661386133323933616333393434663566626465
34353265313939626565653235633664306464626564346564336434393837626362386463663361
33643733663335666665333036346132636562333866386635313534666631313562643930333364
38353766386235636435393062663863653861623962383532356664623636623064326435616361
37333164346563333632653537663531363862306139306461353064323037643536646230663635
35346434626230613436393539646266386362646533306265653766666565643332373330653833
64303861653466616363316665653838366639313164356465636164646663356433333564353566
61376434323331646237363837326138643266383835393765353333663666626139636339386366
32646133656431633938303235343766373064353863343130653932376663626663326232376638
39333737656131323630343463303739663263653263373839626338396566356638383733663138
39663133653835356664346665313932313461373166636330666631343937626535636232323032
32636532363833636134633734643330323162353535656337343336653930366331356338396366
66373936613634363463393938393764656536366262616234323266393366326336363137646639
37663064393932663663323161316364316437333238643864626436653566383333393066343064
61623565343662346130303435386139373238613439616534666266326137616562393461343839
32633136613664663964393438393233643464333336643038303462666233343831393537636535
62366230326338316533393335366565653666616635656464356532663939313362633134316435
62383238656461636433306564616335613634383139666166353831346666366537373537313730
63346230343039633361356335303039643133313963643839633765636638636665383630653164
36636135396535353562323265336634316661306332636164306434366166313562656362333262
38356233356561306336336232623763333636393861316336623764323239653339356338383338
38313262643536363036366434306661656365626565343263316632393730366236396432653432
37376465656136613366363334666336346130376135653165396464663066626430386435346365
33323632333965373363626263376565373863366334653361666166653130616633323737386364
30333166393430346238363732306362653662376566663736373836366339393766353564326634
33323338633866303134396264373330303638643161343062313265363739613731613138623762
38393937313631366238646261346431386338383062656663363237303262333565326461376139
35353965613063643562666237656432333436636231386362663364306266386334333331326437
33323335623631623638613332633161346564383863393066333639373138613737373532666565
35623662323862326634626335393137313936643839636263313233323863656361626663323861
63343134646132306665653264303562653865373062613863313336373465646662396532636433
33643638386239363566653463376238316431303733663265623362353066613662626135326631
36343732623631653961393332313063633063323638386139303335323763383136636138363533
34313937623139316539353963363065623934346538396266666361316664633430333932383432
39393331346535383662326133363665393632613537633465633637383364363834303666623533
63386335346261646366363635326238363762646131336630636531633434313636376363323635
35666261373665613434306664623539386436613736383562353439366333313933646463313963
36356562333664383635663165343239636539333237303832343637323661613736323664313564
64323963333865616361306362626131343464663736633662323837623138353231323337643531
37343032613837336431663636616164643236616137376333343831623339383339323739323330
34363330643763656662376165343635356234643835636462366638336436646633336639393366
36383134326263626438363530326465633334663139386432313335333463326238616433393465
61653236333638313365396333653936333630363934353763663264323439303232343765376134
34353039333538356438343764353338393361353032363462663831613834646232636661623634
33383064653838653836626138363132623562663938623432653365626266316535323238383561
39623237666263343064633462373435373765326338346666313164303265386235663434663537
32636335316233333866376161666566393239643535636231343538336463386164376630323663
63666437333339363938633366633462303936363966373366633563663735336632303464636339
64336130313933613065363936346236343061353235353631353732643432376134656431333565
38663465333661623039333031386563656663303162663266353461373532363035336433353232
39616331346237366639356665643462386137396234343633633239653461666265323232333164
33386166323333306464653465306536323135646563663363623834336232333239353963613564
32396338383063326631663438353837306265313065383530343438373136633363643534663731
32393130663233313561356562363935396331386438323139663537323434396262643061656261
36616432376137326365376663333564653063663233643035633466663331643732306436633634
63313638613936333563656235636432663137336335656663613336623734303030386665366662
34616630383032353838306232643238353537393638353438623464343833373661323162386564
63373131626533613536383761386635353638626235643862616230613039333064643630316636
62363961373235373162613338346266313966303334663034653035663861343939303934396334
33613831316433346566363039616664333638323932343238393136646332653135383032333864
66326461313164363632633331663134663430353339303636373964626633303537343562626161
32346630666335366234653733396465366538333965353135363830613465656364313537326437
62633066336633363062313035666436356230353536396364373538643066323334316239333164
34326538663931346531393135326433306332613031613163383734343330376465326265613561
61393430386633633936396162376430316666396633646230656234343833616539333466623738
34323835303063633136303831313333393135643565396334323638613261343037653464313466
30653231363864313635656262363362613566316236333939656536393963653532383161306433
35333166653934623865633933383731626561363337386663646437363033333031383861346530
31306432663364323733356431343938393537306664366364376637363936366333666534643666
65343735616436633664613763363330303738313162333535313362613437633061626138373737
65396637356563343037613638313162333736303766656661333166336632616535313233646232
64353461333730656134633139313366363030643362653266623231346533373266626361386664
31383138656631643832326364653865656630316330643932616434306138373235396331396232
35333833303663613132313830303934663233336135356139636162633235343336313064633135
33353832663231343563323837363061393662666433306439326135333334363463396132393061
66663061626236616337373037326638313736633861333365626233656462393533373466303837
37633338653030616230313461646136323138383765653562653561336163646366623033303130
33646136626262376632343866656430366133613166643635303861323964646238636432616633
64326538626438626636633464613832326437633636313461333731623532636638383763346230
30346364663666623762623538323136396536383266633362393764323863663638373364363630
33656566646631336130663430323639616336666232663638386633313962663464383965376161
35346536326130333833316563333764633938623864333132363366363563623035613666653237
35396333633935396430316433366437666437653536306131303930613335383132336335363863
30363139373738376565393633373437373337386566343865653130613864303739336166613931
61373536613435326337663432613736663663663933373363666530393331383864356331333930
38303261646432353865616431333764333134326131306637336232366161303135366630353534
37373839383131643939333731363163353363323534643761646236313835333333323933626462
39626138316330356230343039646239653730343563353634313436363361363562366138613261
32643263363562346262376461623239643962623063656339373836356530303233646134643432
38393438656637653865343634613238323737396231386335613164306434386563616163313438
62656332643439323639643464363130366537386631313565336234396263303033663666363864
38343438313532653238313536613636663866633238316536633138396164343734373765376231
37353466393762333565393634386530353966353265343566613031656263333430393837376433
64663064633839396138343738626533363865396462656666383233386430303964343435356335
37656362623633376535303865356537646633323539653064626266326138316630633261653265
30326637626261313239363662376332656239633365393136663439313830353334343764366536
33643865376663346166393731363136663961323561323732636663653138623135363561333439
64656435366136313433343737656665646131343164613031303763653830313039363139393164
64653361663235656330653237316466646533323736353965373739653264333734383664653938
32663934343165323835636161376230353566303231323937666564386138333436356666623937
65326531396538393730313336336432383662313834386262336164313763613032643862613831
61383237663832656530646634643334396637366166656130353537616339333935643966663030
66313832313939616365393766356136626262633239333862616265376464336230353735313030
31373064623930343737623731653765386661326361616334313138633866333064373566656139
35386366353933623562333032646639346535666366393665376538393732323039613665383261
38646465323263326432663664323665373633666630306633336431396266373862356237373237
63343632356463363836633061323164626532646330393338306466616362393933663339353332
62383838323537333464633934336366313933623065373236336435366438643336353632356261
61396630633465303337653462366431656336343737316234303765643834623439646332363964
31333361313936626132613133626434376532323162653835353536346438376535393534623737
33393335363539383263316332313539323333316235393865626362396461646564333134623938
34353537386531326561666366646364303566633562643733353537633037666365323432346462
61366165373136343236623632613063343032633561633939623935323261643430613330316561
61323262326464313561393761383433623863326133643664663966373331376262653864303836
63323464303064376633383462333332613738633938333735363361313036613436623062303239
37313961633835666465326333326432383331333939623731656133636565623465653331666431
62316534376238636139653166373737383964616439393236363436303836613130636535363263
65353336393837623130313739316234313263336537383637653532333236323132303265303938
34656663623738663463663434393061623363353631303834336139323938336635346464616566
34633539636562336232616538373239353638373032313434396136633361346531323037316238
64356339623730343037336161656632663539613139313936333662346632396333333462366164
66346235666136633037336337616533653838623562386138626462333938306130306166663065
32373338326262336137336235333365663834316464643430346166666535356437333235666238
64356635383138336361316130376539373236313362306232666263656234316537373334653634
37616639386631323437323935346462663139343932346335323535393162376537656536326238
35643064303934656466343336343439656634613530306364333631393139336135366336626666
33623631616463316461326137616339653530306234303165626136313166313263666462363634
64346363396466393738623137613332353535363436623438636331396136313139653036613732
64613037613232626632373466376433383930653461356163306232643962623536343039353637
30646261313666323731333864643931623532333130393237343435303630646335363339313966
32353763653336656166326630336462666135363261343531373963376339623534613835383565
35373731633335616330613130646637326638653466636265396662323066656331366238383036
38663336326530626562393838353631366535306566393366656633346265393362376439633739
37643530363230643231393435613435323236616564393333633263633732393339666632333938
32363735616336633539356365376431623766346632396262336631623836616238653862343661
65633361313137366162313338326134646262376636303563313566383962323664313262373535
65396139303939646435303232626339383138613964636439656266363765326635303330626561
38336666666630336336373063656534313439616538356331336239306335376234643936303237
30646237336235383336316266626661643064323936393839363066303838646530653137663164
66636233646232623762333536613037343737636230653433646537316237316636623539303037
66623162323738356565353666613338323764363965356332303732373338376664396131303934
31356464346539666465343632373764393435306130353462633865333164323834383033636261
64666131383831613538656639623761616434343137633239376365613063663635306161366565
62303438393761303337366235616236313139326135633633633331666432616137356434333730
32653736663963333162316162663934303761366564323865656331393735626435633731653436
66613731303036336534393866366435653937373263306234396232626234383734333837373463
38666464366465643137636666363136353336313665393065636338333066333662623661376337
65353463393666333566306431373633613232303231366534303366663334663739373164376162
30373235363862343538376333653839303134383433303434653638353964666431346537306339
61396632346463656536356133613861633064356631653132333332363135633031616630333336
37313065633831653635663732366132366165633333363634316339326461663963626233643339
32643632656466353066383266623132623438633337656135383438336161646665303861373931
65316231623439653464663663316164373062643463366233323265373638376339373536623864
38623964333361656366623833643439356364666339613563356132376638313339623664343139
32326339303537653639323466633139343436633739363130653837376538623533383331343833
65336633333834653639366632663634373838356535643261653332346462343662626464653134
34373462333936346434383835313364663831626232643837316335366234663065366663323130
39333263643964333835636532356264643665626362633632633333326234346532396130356539
31313439373734646563646664306563373061343833653631313565613033636636633036386466
66336537353632383832613262376365613135643761386265323233633934643061393735366238
39643565346161323933383834303162623338313533303932633065343761363433623666333534
39643332616366303761323961313063643962373537346463336461646133333339363934323130
30323237626132623437383864333163653331363530356332353838663838333136343933653861
66363263383865363731613835343431353137666438633962363630633635313136386536323833
37366135363036643735666433623163336134383835306636303338306534363735323633373161
39356432386563366632336633313432353036316331303464653932633563656131333964663663
38353432653035366135383162623966643362643233343266303838633437643735643836353534
33356661633035393337653239303937313862633938383666343135323162646464326466613566
62363461323665646436343035653066646334633039333939633065363535386264353732663133
39623134626533363262313664643331653238386332643039616436373533633739623466663865
30313933366539323538623533643866663461656665623431363830363038326535326131393839
37346336386132396561623163666266663461333230306637336235396364643265383566346433
39373931346139663162346338616637316630613239323662303236346139636564653133626466
31383161333039343839663338313136613635646230643830336662613235373337353638613537
39333462306339326336326562623865353861356532343737366538613133343033613837303734
31643765343038343138623838373666313862646430663031393835393634306265326232643666
61623436373539303364653235306161323961356232303134613238653063663866663165386134
35613130353133646631333839633563653662623130373265663937393536303837616634353733
64353732373538626662636365396565646235353664303139333239326466356365373163666566
64653333643464613965313464333636376261396133376132363666663765316238386661366363
64393038303233643435343262336337396330613030386439626239323030653666396161653464
64343863623732333462633566363035633530366630326334303937343961383138653564303530
30323931356432613866396130303562383938636433643964616333623134653865636138343038
33316561393237363833383766653031663466363536303863313231333864656132616238313035
38316532396265653461326232386163386463386137623661373438356462303338646664343637
31666538326364643364623636373662346131343564383830636333633866643566386333623839
36626665393739303332663466366637353434393963363136653563393337623061336561316562
61653665663632303630633135393333333134313930643666313666326166663637373139623664
39333866383437396364383031343931623734396366383736333530623236656633396233316366
63333736666135373764393665363738343632336230356233663130613363663561666130656662
35633634336662386664343632346662646335666263623264303135663362316266383965646138
36363137663537393265326330323837393265336263373936373436393639616332323939383035
64363062633935643663356362313434353439653338633366373164353864386463363562383232
36303636316532366561306637323335323165313563383563373135306162336338633666323435
65663761633533356337383733383533363439336639346662633836643935646232313164393336
32313836323436316332616332653564303933623862656537386366643337373631303165313965
61393036633731316139336663363762316138613761616633626464663666393834393965326561
35663363613061353136396266383665663430653135336166316636323835616261393034643638
38306362383430333635336134336336636435376233383937303063323939333264386665653365
31383762346665366237323763656132653131313962303032626532336234633230633163326139
39303332656463313666613538613732343137643233316234323561336635336361336239353264
65393237343630613833366334363762383439386564306436333736383236303735353832316364
36623036316236393862353736323432343031323534393061616261653966393666656136663431
38336161316430613837313266393333326364643132633635613066363164336237656236623134
33303963383364316263666432373035363863633837613036363232623038326365656663633766
36353231656239363064383566663832656637326361396337623636373939333031363339383739
61633938383535376362646163646439376138616132626339383461386662343933373461366539
66616666333535353838313630636535636561623039373838353231383062346233386363613839
66323861623764643561636530643566336361343464663235343434303065326361323135393035
35303164643031316434373939623265303536393431383138666563363236346664613365643934
30663430376239616464633233313235323764343464326230313936323062666335303062373062
31633133363064383635656236356436643634356365333636353839636163313963626338633336
33373235363164326330626462396539633534356130643161393936646233613238343839343165
30343636303831393737666531383234366538383464613466336562616461636132663334376134
35383136326132383331323333613634333863613033316330323134346132343439626236653765
37303462643838653831356236613530626637363638363136386539623034626265383533623636
65303635653032666438666664333332326630656165306133646464666565313235333637393563
62613764363764356333663233616634393165323930663062306466383461313764626139333930
37363664316436323963386238643834613135306333653166343137373230383164613639303831
35313361613561363663636331353665356664653466613465383864633530376137653037306435
39353764333366336333323037653638323131656538356532366466656364303261646531646662
32323163626333343235636464303766383964383630646662373262643362653636343763313664
65366466306234616636653538633636313062346162366537363732646539613039626563636135
62623663643130393131373561633431316464363631373065356230333862626538616137363431
31316232393031626539346562613233383030393630316534363565343064363830383932333132
30386236386634326332643536396663613730313831386335396430323264323439626466373831
36323237393336626536633966326331333736396335656435353363323935656464326232653930
63303861346264623261653037643834333463326262306235306163363336663333626466363361
38336331396161306438393661623838383562656461326134653238643334613261306263383631
37633565656539313737306662613062303037343965376536663137376434326333336565346263
31626164303435396237663132353963333636343435626334643231383837666335353636646635
62353661316661626534353039346337373737373763383562336363353035656136376634663937
34373638323736313661313762316662346263636264643138393232333034613534323538323338
61356136373866316332643737313762326264316166653434653338643763356534343331626166
61663634383536626238663636383961376262313261626435376662626266336165333462353630
34343463613736376562623764313861653564313833653934663734643134333763656531633565
38613238643061623937393031313639326162623235383666373065376338306163376563626465
36343834306633366438613536346464373331333734646234373337653938636637353266366362
34386531663738333931313762363737303665656538643937366131336532376537306662306663
36353439636439353464316632363564653463613530646464323631616463623832663638626465
37353638666631363130623062623464636665306365323964373733343065356335366531346361
38333639343538613165633637373732343034383531316164353331323739356139333065643762
33353939303166303537316430353066336363386132393665393638643861613239653831613065
31613066366164633038373361616430336331653931313466356337616362636166663639376332
62323966386433633162383362356365643534383831373166653864316464393665343161343663
37653830346431663332643730383839663330656536323530356666363232636363356239646164
34386564343333646661633536656164663832306466346264643239303733393462336637333732
66323064623036306134353637363335643664626537666332643238383265353133343261653363
33326361653062616434663062346532323566343963653861623332376465393839373963623334
37643538623331623961383633376435343731313561323666353432363639616464336663316438
31616362313934313763636238653337366466663334346636303661343835633931333238636466
35396636323462353861313766626535653734383561663564386638613463336562313134666333
33626331333061333665393861393631636337363966646435636438393264383733613366623638
62363462393330313362613832613638336261386665383334383465353439326366633932393265
65313134636236656134393838306264373738386231363338363065376630303131383536616261
61623464396666333937303736646330383664663938643363613635393861383766626131363434
30333262393935313339356463366635326661356331623732336335613139396662383639303535
33323165663039343561373734303539373834396166613632626634616365373362346630383065
35646161623936656539666163333934616339313266346361383837653839353266333139363132
33326137633134663038626133343433353439613462363361643237323639353733633232333933
39323966646365616432373061363337666362383439353165643666373263613034323436666634
39646365313664376431313737346538373538616665343632343033626432643666373735623138
66376334343238656233393835656563346137366438373661353563613130663035623664663366
65343035346233306432396136646365303431633135313733623532393136373030656365626564
37356161666636356334643230656363666666306239373835376639376133346663316331326237
34316162613331653031646465316164656163333032376530373839353363653065373933333334
31383335626564643064303266326230303764333765626262323566636536356134633232613434
33303038666139623931356261623531656230353735616433316431353337353739326462656234
31393435323861613866613065386337623834626233383764386262663931656434353266323330
35663935313838633532663363313130353666643238623437303535333364336235346133343437
34633866653131386166353661613262396532663735336438616436353539383830346533333039
38376336656434323663316364653164333630366435373130343865366365343239363435343933
38643066383938633164373430643462653731386537363933323839366138316566383066646430
38346235663532373830396236396439393130356565343835323235633661643338663539653963
36363362366663643934376533353639623232313966386432353465373262336466356532316235
62613730303261393537316562373335313537613736616566373939323234633061623764646239
32666132313839383033386563663537646235373331353532323834323233653534633939633131
66383638623163653338323531643139623039306466313061353866303130303938326138313439
64636633653764656634363639383333306437616636386365346662386165383266666134343731
66326465316638623330613766376261306331316132346635336666383563613565323466636236
32356634316531376239636263376233633766626538616433643062616563303264666465653362
62333332336335656337333130653237393463633038666639613065633963643665636466393764
35653739653539643462663066396432623163316335646431356237303866313936663838643562
30336366636234383331656130313030386263613936386561646463393366306336623638323930
35393461616134396432356366623233393231623934376261383063366437323431373164626130
33353962333331636335656132373361316665616436323133643765323631363739333738303634
39636435613939373835623938316465376164336637366565333764363739323632666436343466
62636132613064386336393864643164343165346563643364636631343033616235333534313464
65383539343338663165376334353631303334656239643833646637363632356464386464666263
34663038373065346331313265633334383735326462646464313937626432376631306464303738
33363132363530613138323766653337633535616330343238333231643563653563646230333731
64326239306533396361346639306431363639363234663265316235346634663931363063383832
38363238333730343061336261666337656634663633663864613533353530353762356262313534
39303834336435376262366561393862326130643434643830653764646531376263356663336564
66356632613733393132316631663065656163646462306466303034653432323637323234333930
33386335653730613030623061313138316338636464333337393233376539343735336664643533
39646235356430303866356639366338323432376338393166366261653137333332646438313630
61666665393461636263396138613736383061613334383066336334383933393431346565303034
32343137666432663939333164366138313766373134366636316434323136393462636562363737
66376131363137353437346336353034373630383734366335626432646531666566656630623339
65633733396162663934313130363136653035333837633638633333356235396530613963323366
39643063656565636362616633343733333331313232623066663164356531313532646166643962
65363632633838613831643463386336623332333164643335313333383739373433633733333438
62656664366236366235356137383535616331653637613031633833666666633934383138656165
33316636353639646534626537333665623632623139333233383364313230643766636366393066
66386532636662373835343038393537356462333533376435656335623338303364383161323437
65623038346566353130653166393831386334323736366661366363356466613764343936306662
35623666653265386263633336306436626534346666653033373765313733313233366465323235
34633737626338623132643466376539353736373137373438613365386165633231636564326337
38636131343665333037383034643839366162376330626136633034346361333531366662316634
33386264306335646339666462613736386630613530613131343862633538333831323537363262
66353434336136373763376431333332356430613331633630343238633639393036396539363562
65326133633862616337386466623434393935373739616235666466656163306135336265323335
39653366376262343264653063383632383832613233616363303430653431366535376432363566
39386564356261396265343061663061346564333332616336323836393538393762643164383335
32353538396238376536313565356165656463636433386365636663653931623936313366313631
61303665366331386635346664313230323362333933343930346431653539336338363431663536
31633936613065393736373438653065346563323663353032373838303633356331353437303134
30393234373364343330316562663130666134666430323539373636396134613565313163636366
61333531346563363731653533663034653630366164643462306338313239303435643832343539
61313661626438663761353864303361653263346464393966666437393261393239353634613437
33376630383336306363623135343537356436633762623433636432646231666466656330353433
31356265366366393432666463373435356136363161393565623461346562313134636630373639
61653566353736383639626639633934373362326565353861353031353561376539353536336135
32366432326563316161366138613063636566623339613236376434356230343336616532383930
37353164633263326362303139623539393236363333653236626166303236616439396435326536
61373131626136613066313431383037373661366436366333656363393866643666353331353161
66383730613230663064306162636430346532616537356635393535663337333061393334363434
36346165376331643662383962353135623438646662386135386262646430323565383166633636
65393930333164363531323062666138623834376362336530623266303066386362333230616366
64613839623538363437316563353532313339646161643036393839653036333265666636643939
66363866363232336234316164396166653762323534653137333433646331623131363537623335
64393636313433396138626662653936366238626266373935646563636162343764626161353431
65383537396230663663316632396263306439656235643831323036613739636532313538393265
38633761376263636637306436616237306331353038636333346431303032633937346333653637
31313337316339306265383234373831626363653933663964626630343835346631386361373333
65613236363837656433656431316466356336636535343864346566353334326537666263383733
66343034316438363330623433633233626461356535323466646533646362633162303639376235
63613837643332303862333635303933623436326266616337633366383862313636383261636335
36323761643332346261323939623636386434353334323161363035633164666562616631373836
33326661363961313831333435663232383939306434643536353762313532333432303330663737
35656630313763626366316265393730373534643662623834373063663036396533353263346464
36303838656233623461316664303735643165393665326635353565666637623433393837336262
33316163303432303239313738643630346130393364316462346136373133336566313335323963
63373936653134373832323831366161396163666665353438653765316333323137613963666632
36643838636563633961326436376434663737343063623134613234653434386230353762383965
31376636623531376337333065366662326663326666313230663234343461383264393331313132
31353763313966633364323539646135666563326362396539666264393335396561663636376233
34656338396336353736383031396137636362356433656534323737643361643230623637313238
31643966366235636161323062353532643963666232383864386138656164663337376134346431
64336433373330623363383062623366326532643231323337303832323064656132303831623764
35343864663336633836666361313666363964633064333663313165623130616332363863393533
35613839383831643336303835373738393432303064333736636338363266316265653331383433
65366138613731303837353864323663303463373438303533313836646331386138373965623033
64616534623736373930353137316535633465313862343861363663616564326335383666626131
33663831646666363133663263616138653233313438333861393161636136366437373663353938
65333961643739653564613438356239626531666161353339386265316138613235356538663031
63643834306635653364653364333266616232396262363835646634623164313539343734623263
30393262636164333135
